200



;判断
447,159,191,150,166
-471,163,215,167,128
-460,183,247,206,178
&操作
(L460,179)



;判断
1260,173,233,241,241
-1254,163,204,220,220
-1270,179,252,252,252
-1267,164,211,227,227
-1256,177,238,245,245
&操作

(L1262,171)

;判断
740,532,153,113,55
-781,525,254,254,222
-808,520,251,251,217
-853,523,181,147,96
&操作

(L886,527)

;判断
1080,574,134,101,59
-1110,572,246,244,241
-1153,579,142,109,59
&操作

(L1149,585)

;判断
758,496,37,86,128
-805,501,70,113,150
-863,500,39,88,130
&操作

(L863,500)

;判断
1145,138,226,209,164
-1151,132,227,207,161
-1138,130,80,73,62
&操作

(L1145,140)

;判断
489,622,118,163,212
-515,624,110,133,161
-544,602,150,26,18
&操作

(L532,614)

;判断
335,349,26,48,80
-373,360,26,49,81
-391,354,61,84,112
-399,333,153,29,21
&操作

(L365,350)

;判断
973,632,255,255,255
-1004,627,142,154,168
-1021,618,173,44,41
-913,578,39,88,130
-996,582,98,142,179
&操作

(L1005,575)

;判断
939,627,248,227,255
-969,628,255,255,255
-939,637,104,53,155
-916,579,38,89,131
-975,581,221,239,251
-363,113,255,255,255
&操作

(L363,113)

;判断
899,615,30,45,76
-916,623,27,49,79
-940,608,147,26,18
&操作

(L940,608)

;判断
1024,177,217,234,234
-1039,182,28,76,124
-1052,162,180,76,73
&操作

(L1038,180)

;判断
772,470,134,101,59
-849,471,134,101,59
-813,480,185,162,123
&操作

(L813,480)

;判断
1032,179,109,133,154
-1043,180,107,130,151
-399,275,26,50,82
-401,282,26,50,82
-364,114,177,183,190
&操作

(L364,114)

;判断
1267,615,238,172,115
-1292,621,237,186,186
-1297,598,164,34,30
&操作

(L1278,623)

;判断
1164,174,212,230,234
-1179,168,212,229,229
-1185,157,151,27,19
&操作

(L1185,157)

;判断
812,623,52,74,108
-829,620,80,105,135
-849,623,178,205,232
-864,613,159,27,20
&操作

(L853,616)

;判断
1182,300,141,108,58
-1209,296,240,230,205
-1241,301,145,112,62
&操作

(L1241,301)

;判断
1172,302,38,95,137
-378,107,255,255,255
&操作

(L520,196)(L698,188)(L853,202)(L1030,196)(L1195,189)(L370,110)

;判断
1282,198,229,204,155
-1296,199,155,113,75
-1309,174,151,27,19
&操作

(L1292,197)

;判断
331,421,26,51,84
-366,417,110,144,184
-401,394,143,26,18
&操作

(L392,400)

;判断
1207,287,37,216,200
-1245,260,165,129,78
-1287,236,144,29,21
&操作

(L1287,236)

;判断
633,366,175,133,67
-653,364,254,253,252
-673,359,170,141,95
-685,360,139,105,58
&操作

(L685,360)

;判断
663,390,110,164,48
-660,386,248,250,246
-372,112,255,255,255
&操作

(L372,112)

;判断
653,387,125,168,94
-665,388,109,158,41
-374,109,255,255,255
&操作

(L374,109)

;判断
345,544,78,109,147
-368,543,89,121,158
-400,521,149,26,18
&操作

(L342,544)

;判断
623,140,34,62,98
-638,146,60,89,126
-676,134,153,26,18
&操作

(L653,139)

;判断
522,343,140,107,57
-575,347,175,148,99
-633,334,151,27,19
&操作

(L626,344)

;判断
807,514,236,224,198
-829,509,246,237,214
-857,511,142,109,59
-802,509,251,243,221
&操作

(L878,499)

;判断
851,500,141,108,58
-900,500,234,222,196
-917,503,251,243,221
-945,503,216,200,169
&操作

(L953,498)



;判断
1080,500,30,63,114
-1096,498,79,112,146
-1118,497,234,242,250
&操作

(L1118,497)

;判断
349,226,141,86,68
-382,213,62,43,38
-397,208,58,41,35
&操作

(L378,226)

;判断
836,549,134,101,59
-865,557,224,215,202
-919,554,217,206,189
&操作

(L940,558)

;判断
783,559,144,111,60
-816,566,163,131,72
-835,556,251,249,247
&操作

(L834,556)

;判断
1204,623,142,109,59
-1242,625,200,184,159
-1263,627,252,251,250
-795,574,249,247,255
-792,583,89,44,154
&操作

(L1207,626)

;判断
1298,247,15,179,4
-1302,246,14,179,0
-331,320,220,171,105
-342,320,102,82,36
&操作

 QQ EE RR TT 4  5  1  2  3  7  8 QQ EE RR TT 9  0 G

;判断
776,612,37,94,142
-809,603,220,238,250
-830,603,129,163,190
&操作

(L856,604)

;判断
847,612,150,117,59
-876,610,205,187,153
-900,610,250,245,229
-915,614,164,122,65
&操作

(L937,607)

;判断
674,478,39,88,130
-698,477,105,143,174
-723,482,199,222,237
-739,481,176,203,222
&操作

(L739,481)

;判断
511,349,27,61,96
-548,352,29,64,99
-600,351,28,63,98
-369,113,255,255,255
&操作

(L531,752)(L369,112)(L1118,497)

;判断
618,537,38,95,145
-956,526,251,243,221
-1153,156,228,237,237
-1158,151,218,230,230
&操作

(L549,748)(L1152,158)

;判断
483,100,254,254,254
-504,100,210,215,223
-375,113,132,154,161
-353,112,254,254,254
&操作

(L353,112)(L940,608)(L1118,497)(L940,608)(L1278,623)(L1118,497)(L940,608)(L1278,623)(L1118,497)

;判断
353,112,254,254,254
-376,110,255,255,255
-1034,182,40,76,113
&操作

(L366,105)